set1_score: -0.999999000000
set2_score: -0.999999000000
set3_score: -0.999999000000
set4_score: -0.999999000000
set5_score: -0.999999000000
set6_score: -0.999999000000
set7_score: -0.999999000000
set8_score: -0.999999000000
set9_score: -0.999999000000
set10_score: -0.999999000000
set11_score: -0.999999000000
set12_score: 0.309816386405
set13_score: 0.226442259122
set14_score: -0.999999000000
set15_score: -0.999999000000
Duration: 0
