set1_score: 0.781960583617
set2_score: 0.737804315118
Duration: 0
