set1_score: -0.999999000000
set2_score: -0.999999000000
set3_score: 0.314987721604
set4_score: 0.222179307600
Duration: 0
